# R [km]   M [M_sun]
1.365158e+01 7.390361e-01
1.358218e+01 8.124859e-01
1.353067e+01 8.795380e-01
1.347509e+01 9.505663e-01
1.342967e+01 1.014969e+00
1.338714e+01 1.076712e+00
1.334579e+01 1.135479e+00
1.330611e+01 1.191474e+00
1.326526e+01 1.244716e+00
1.322428e+01 1.295616e+00
1.318269e+01 1.344258e+00
1.314158e+01 1.389967e+00
1.309957e+01 1.433761e+00
1.305647e+01 1.475207e+00
1.301343e+01 1.514868e+00
1.296951e+01 1.552404e+00
1.292511e+01 1.588115e+00
1.288035e+01 1.621991e+00
1.283604e+01 1.653942e+00
1.279012e+01 1.684598e+00
1.274462e+01 1.713518e+00
1.269896e+01 1.740958e+00
1.265307e+01 1.766850e+00
1.260680e+01 1.791634e+00
1.256079e+01 1.814977e+00
1.251431e+01 1.837148e+00
1.246818e+01 1.858028e+00
1.242208e+01 1.877826e+00
1.237567e+01 1.896682e+00
1.232945e+01 1.914528e+00
1.228350e+01 1.931143e+00
1.223761e+01 1.947061e+00
1.219174e+01 1.962104e+00
1.214599e+01 1.976224e+00
1.210064e+01 1.989455e+00
1.205546e+01 2.001993e+00
1.201039e+01 2.013714e+00
1.196557e+01 2.024782e+00
1.192100e+01 2.035265e+00
1.187638e+01 2.045102e+00
1.183237e+01 2.054228e+00
1.178861e+01 2.062760e+00
1.174497e+01 2.070635e+00
1.170165e+01 2.078025e+00
1.165852e+01 2.084845e+00
1.161582e+01 2.091197e+00
1.157332e+01 2.097085e+00
1.153106e+01 2.102577e+00
1.148928e+01 2.107708e+00
1.144767e+01 2.112418e+00
1.140649e+01 2.116751e+00
1.136563e+01 2.120671e+00
1.132509e+01 2.124309e+00
1.128479e+01 2.127602e+00
1.124485e+01 2.130577e+00
1.120526e+01 2.133220e+00
1.116600e+01 2.135556e+00
1.112699e+01 2.137601e+00
1.108830e+01 2.139279e+00
1.104989e+01 2.140654e+00
1.101187e+01 2.141790e+00
1.097411e+01 2.142693e+00
1.093674e+01 2.143405e+00
1.089956e+01 2.143824e+00
1.086275e+01 2.144083e+00
1.082633e+01 2.144111e+00
1.079017e+01 2.143945e+00
1.075417e+01 2.143502e+00
1.071868e+01 2.142955e+00
1.068346e+01 2.142275e+00
