# R [km]   M [M_sun]
2.632000e+01 1.300125e-01
1.734000e+01 1.931003e-01
1.520200e+01 2.498814e-01
1.428400e+01 3.028248e-01
1.380000e+01 3.528785e-01
1.351600e+01 4.004359e-01
1.334000e+01 4.457575e-01
1.322700e+01 4.891878e-01
1.315400e+01 5.309311e-01
1.310600e+01 5.707961e-01
1.307600e+01 6.093359e-01
1.305800e+01 6.465410e-01
1.304800e+01 6.823064e-01
1.304500e+01 7.167083e-01
1.304500e+01 7.501143e-01
1.304900e+01 7.824976e-01
1.305500e+01 8.138236e-01
1.306300e+01 8.440791e-01
1.307100e+01 8.732989e-01
1.308100e+01 9.017254e-01
1.309000e+01 9.293928e-01
1.310100e+01 9.562923e-01
1.311100e+01 9.824223e-01
1.312100e+01 1.007787e+00
1.313100e+01 1.032396e+00
1.314100e+01 1.056271e+00
1.315100e+01 1.079550e+00
1.316000e+01 1.102274e+00
1.316900e+01 1.124447e+00
1.317800e+01 1.146074e+00
1.318600e+01 1.167161e+00
1.319400e+01 1.187715e+00
1.320200e+01 1.207747e+00
1.320900e+01 1.227264e+00
1.321600e+01 1.246279e+00
1.322300e+01 1.264824e+00
1.322900e+01 1.282974e+00
1.323500e+01 1.300737e+00
1.324000e+01 1.318118e+00
1.324600e+01 1.335125e+00
1.325100e+01 1.351763e+00
1.325500e+01 1.368038e+00
1.326000e+01 1.383957e+00
1.326400e+01 1.399527e+00
1.326800e+01 1.414755e+00
1.327100e+01 1.429647e+00
1.327500e+01 1.444211e+00
1.327800e+01 1.458454e+00
1.328000e+01 1.472402e+00
1.328300e+01 1.486087e+00
1.328500e+01 1.499514e+00
1.328700e+01 1.512688e+00
1.328900e+01 1.525613e+00
1.329100e+01 1.538294e+00
1.329200e+01 1.550734e+00
1.329400e+01 1.562939e+00
1.329500e+01 1.574913e+00
1.329600e+01 1.586660e+00
1.329700e+01 1.598185e+00
1.329700e+01 1.609491e+00
1.329800e+01 1.620583e+00
1.329800e+01 1.631466e+00
1.329900e+01 1.642143e+00
1.329800e+01 1.652618e+00
1.329800e+01 1.662896e+00
1.329800e+01 1.672996e+00
1.329800e+01 1.682928e+00
1.329800e+01 1.692695e+00
1.329700e+01 1.702300e+00
1.329600e+01 1.711746e+00
1.329800e+01 1.721036e+00
1.329600e+01 1.730173e+00
1.330300e+01 1.739159e+00
1.329400e+01 1.747998e+00
1.329000e+01 1.756691e+00
1.329000e+01 1.765241e+00
1.328700e+01 1.773651e+00
1.328700e+01 1.781923e+00
1.328500e+01 1.790060e+00
1.328500e+01 1.798065e+00
1.328300e+01 1.805938e+00
1.328200e+01 1.813683e+00
1.327800e+01 1.821303e+00
1.327600e+01 1.828799e+00
1.327400e+01 1.836173e+00
1.327300e+01 1.843428e+00
1.326900e+01 1.850568e+00
1.326700e+01 1.857602e+00
1.326500e+01 1.864533e+00
1.326200e+01 1.871363e+00
1.326000e+01 1.878093e+00
1.325700e+01 1.884726e+00
1.325500e+01 1.891263e+00
1.325200e+01 1.897706e+00
1.324900e+01 1.904056e+00
1.325300e+01 1.910315e+00
1.324400e+01 1.916483e+00
1.324100e+01 1.922563e+00
1.323800e+01 1.928557e+00
1.323500e+01 1.934464e+00
1.323200e+01 1.940287e+00
1.322900e+01 1.946028e+00
1.322600e+01 1.951687e+00
1.322300e+01 1.957265e+00
1.322000e+01 1.962765e+00
1.321700e+01 1.968186e+00
1.321400e+01 1.973531e+00
1.321100e+01 1.978801e+00
1.320800e+01 1.983996e+00
1.320400e+01 1.989119e+00
1.320100e+01 1.994170e+00
1.319800e+01 1.999150e+00
1.319600e+01 2.004060e+00
1.319100e+01 2.008902e+00
1.318800e+01 2.013678e+00
1.318500e+01 2.018393e+00
1.318100e+01 2.023048e+00
1.317800e+01 2.027642e+00
1.317400e+01 2.032177e+00
1.317100e+01 2.036655e+00
1.316700e+01 2.041075e+00
1.316400e+01 2.045440e+00
1.316000e+01 2.049749e+00
1.315800e+01 2.054003e+00
1.315300e+01 2.058203e+00
1.314900e+01 2.062351e+00
1.314600e+01 2.066446e+00
1.314200e+01 2.070489e+00
1.313900e+01 2.074482e+00
1.313500e+01 2.078425e+00
1.313100e+01 2.082318e+00
1.312800e+01 2.086163e+00
1.312400e+01 2.089960e+00
1.312000e+01 2.093709e+00
1.311800e+01 2.097412e+00
1.311300e+01 2.101068e+00
1.310900e+01 2.104679e+00
1.310500e+01 2.108246e+00
1.310200e+01 2.111768e+00
1.309800e+01 2.115247e+00
1.309400e+01 2.118683e+00
1.309000e+01 2.122076e+00
1.308700e+01 2.125428e+00
1.308300e+01 2.128739e+00
1.307900e+01 2.132009e+00
1.307500e+01 2.135238e+00
1.307200e+01 2.138429e+00
1.306800e+01 2.141580e+00
1.306400e+01 2.144693e+00
1.306000e+01 2.147769e+00
1.305600e+01 2.150810e+00
1.305200e+01 2.153816e+00
1.304900e+01 2.156788e+00
1.304500e+01 2.159725e+00
1.304100e+01 2.162630e+00
1.303700e+01 2.165501e+00
1.303300e+01 2.168339e+00
1.302900e+01 2.171146e+00
1.302700e+01 2.173921e+00
1.302200e+01 2.176664e+00
1.301800e+01 2.179376e+00
1.301400e+01 2.182058e+00
1.301000e+01 2.184710e+00
1.300600e+01 2.187332e+00
1.300200e+01 2.189924e+00
1.299900e+01 2.192487e+00
1.299500e+01 2.195022e+00
1.299100e+01 2.197529e+00
1.298700e+01 2.200007e+00
1.298300e+01 2.202458e+00
1.297900e+01 2.204881e+00
1.297500e+01 2.207278e+00
1.297200e+01 2.209648e+00
1.296800e+01 2.211991e+00
1.296400e+01 2.214309e+00
1.296000e+01 2.216601e+00
1.295600e+01 2.218867e+00
1.295200e+01 2.221108e+00
1.295100e+01 2.223325e+00
1.294500e+01 2.225517e+00
1.294100e+01 2.227685e+00
1.293700e+01 2.229829e+00
1.293300e+01 2.231949e+00
1.292900e+01 2.234046e+00
1.292700e+01 2.236120e+00
1.292200e+01 2.238172e+00
1.291800e+01 2.240200e+00
1.291400e+01 2.242207e+00
1.291000e+01 2.244191e+00
1.290600e+01 2.246153e+00
1.290300e+01 2.248094e+00
1.289900e+01 2.250014e+00
1.289500e+01 2.251914e+00
1.289100e+01 2.253793e+00
1.288700e+01 2.255653e+00
1.288300e+01 2.257493e+00
1.288100e+01 2.259314e+00
1.287600e+01 2.261116e+00
1.287200e+01 2.262900e+00
1.286800e+01 2.264665e+00
1.286400e+01 2.266411e+00
1.286100e+01 2.268140e+00
1.285700e+01 2.269851e+00
1.285300e+01 2.271544e+00
1.284900e+01 2.273220e+00
1.284600e+01 2.274878e+00
1.284200e+01 2.276520e+00
1.283800e+01 2.278144e+00
1.283400e+01 2.279752e+00
1.283700e+01 2.281343e+00
1.282700e+01 2.282918e+00
1.282300e+01 2.284477e+00
1.281900e+01 2.286020e+00
1.281500e+01 2.287547e+00
1.281200e+01 2.289058e+00
1.280800e+01 2.290554e+00
1.280400e+01 2.292035e+00
1.280000e+01 2.293500e+00
1.279700e+01 2.294950e+00
1.279300e+01 2.296386e+00
1.278900e+01 2.297807e+00
1.278600e+01 2.299213e+00
1.278200e+01 2.300606e+00
1.277800e+01 2.301983e+00
1.277600e+01 2.303347e+00
1.277100e+01 2.304697e+00
1.276700e+01 2.306033e+00
1.276400e+01 2.307356e+00
1.276000e+01 2.308665e+00
1.275600e+01 2.309960e+00
1.275300e+01 2.311243e+00
1.274900e+01 2.312512e+00
1.274500e+01 2.313768e+00
1.274200e+01 2.315012e+00
1.273800e+01 2.316243e+00
1.273700e+01 2.317461e+00
1.273100e+01 2.318667e+00
1.272700e+01 2.319860e+00
1.272400e+01 2.321042e+00
1.272000e+01 2.322211e+00
1.271600e+01 2.323369e+00
1.271300e+01 2.324514e+00
1.270900e+01 2.325648e+00
1.270600e+01 2.326770e+00
1.270200e+01 2.327881e+00
1.269800e+01 2.328981e+00
1.269500e+01 2.330069e+00
1.269100e+01 2.331147e+00
1.268800e+01 2.332214e+00
1.268400e+01 2.333271e+00
1.268100e+01 2.334317e+00
1.267700e+01 2.335353e+00
1.267400e+01 2.336379e+00
1.267000e+01 2.337394e+00
1.266700e+01 2.338400e+00
1.266300e+01 2.339396e+00
1.266100e+01 2.340382e+00
1.265600e+01 2.341358e+00
1.265400e+01 2.342324e+00
1.264900e+01 2.343281e+00
1.264600e+01 2.344229e+00
1.264200e+01 2.345168e+00
1.263900e+01 2.346097e+00
1.263500e+01 2.347017e+00
1.263300e+01 2.347928e+00
1.262800e+01 2.348830e+00
1.262500e+01 2.349723e+00
1.262100e+01 2.350607e+00
1.261800e+01 2.351482e+00
1.261500e+01 2.352349e+00
1.261100e+01 2.353208e+00
1.260800e+01 2.354058e+00
1.260400e+01 2.354899e+00
1.260100e+01 2.355732e+00
1.259700e+01 2.356557e+00
1.259400e+01 2.357374e+00
1.260100e+01 2.358183e+00
1.258700e+01 2.358983e+00
1.258400e+01 2.359776e+00
1.258000e+01 2.360561e+00
1.257700e+01 2.361338e+00
1.257400e+01 2.362108e+00
1.257000e+01 2.362869e+00
1.256700e+01 2.363623e+00
1.256400e+01 2.364370e+00
1.256000e+01 2.365109e+00
1.255700e+01 2.365841e+00
1.255400e+01 2.366565e+00
1.255000e+01 2.367283e+00
1.254700e+01 2.367993e+00
1.254400e+01 2.368696e+00
1.254000e+01 2.369392e+00
1.253700e+01 2.370080e+00
1.253400e+01 2.370762e+00
1.253000e+01 2.371437e+00
1.252700e+01 2.372106e+00
1.252400e+01 2.372767e+00
1.252100e+01 2.373422e+00
1.251700e+01 2.374070e+00
1.251400e+01 2.374712e+00
1.251100e+01 2.375347e+00
1.250800e+01 2.375976e+00
1.250400e+01 2.376598e+00
1.250100e+01 2.377214e+00
1.249800e+01 2.377823e+00
1.249500e+01 2.378427e+00
1.249100e+01 2.379024e+00
1.248800e+01 2.379615e+00
1.248500e+01 2.380200e+00
1.248200e+01 2.380779e+00
1.248000e+01 2.381352e+00
1.247500e+01 2.381919e+00
1.247200e+01 2.382481e+00
1.246900e+01 2.383036e+00
1.246600e+01 2.383587e+00
1.246300e+01 2.384131e+00
1.245900e+01 2.384670e+00
1.245600e+01 2.385204e+00
1.245300e+01 2.385732e+00
1.245000e+01 2.386255e+00
1.245000e+01 2.386772e+00
1.244400e+01 2.387284e+00
1.244000e+01 2.387791e+00
1.243700e+01 2.388293e+00
1.243400e+01 2.388790e+00
1.243100e+01 2.389282e+00
1.242800e+01 2.389768e+00
1.242500e+01 2.390250e+00
1.242200e+01 2.390726e+00
1.241900e+01 2.391198e+00
1.241600e+01 2.391665e+00
1.241300e+01 2.392127e+00
1.241000e+01 2.392584e+00
1.240600e+01 2.393037e+00
1.240300e+01 2.393484e+00
1.240000e+01 2.393927e+00
1.239700e+01 2.394366e+00
1.239400e+01 2.394800e+00
1.239100e+01 2.395229e+00
1.238800e+01 2.395654e+00
1.238500e+01 2.396074e+00
1.238200e+01 2.396490e+00
1.237900e+01 2.396902e+00
1.237600e+01 2.397309e+00
1.237300e+01 2.397711e+00
1.237000e+01 2.398110e+00
1.236700e+01 2.398504e+00
1.236400e+01 2.398894e+00
1.236100e+01 2.399280e+00
1.235800e+01 2.399662e+00
1.235500e+01 2.400039e+00
1.235200e+01 2.400413e+00
1.234900e+01 2.400782e+00
1.234600e+01 2.401147e+00
1.234300e+01 2.401509e+00
1.234000e+01 2.401866e+00
1.233700e+01 2.402219e+00
1.233500e+01 2.402569e+00
1.233200e+01 2.402915e+00
1.232800e+01 2.403257e+00
1.232800e+01 2.403595e+00
1.232500e+01 2.403929e+00
1.232000e+01 2.404259e+00
1.231700e+01 2.404586e+00
1.231600e+01 2.404909e+00
1.231100e+01 2.405229e+00
1.230800e+01 2.405545e+00
1.230500e+01 2.405857e+00
1.230200e+01 2.406165e+00
1.230700e+01 2.406470e+00
1.230900e+01 2.406772e+00
1.230300e+01 2.407070e+00
1.229800e+01 2.407365e+00
1.228800e+01 2.407656e+00
1.228500e+01 2.407944e+00
1.228200e+01 2.408228e+00
1.227900e+01 2.408509e+00
1.227700e+01 2.408787e+00
1.227400e+01 2.409061e+00
1.227100e+01 2.409332e+00
1.226800e+01 2.409600e+00
1.226500e+01 2.409864e+00
1.226300e+01 2.410126e+00
1.226000e+01 2.410384e+00
1.225700e+01 2.410639e+00
1.225400e+01 2.410891e+00
1.225100e+01 2.411140e+00
1.224800e+01 2.411386e+00
1.224600e+01 2.411628e+00
1.224300e+01 2.411868e+00
1.224000e+01 2.412104e+00
1.223700e+01 2.412338e+00
1.223500e+01 2.412569e+00
1.223200e+01 2.412796e+00
1.222900e+01 2.413021e+00
1.222600e+01 2.413243e+00
1.222300e+01 2.413463e+00
1.222100e+01 2.413679e+00
1.221800e+01 2.413893e+00
1.221500e+01 2.414104e+00
1.221300e+01 2.414312e+00
1.221000e+01 2.414517e+00
1.220700e+01 2.414720e+00
1.220400e+01 2.414920e+00
1.220300e+01 2.415118e+00
1.220000e+01 2.415312e+00
1.219600e+01 2.415505e+00
1.219500e+01 2.415694e+00
1.219100e+01 2.415881e+00
1.218800e+01 2.416066e+00
1.218700e+01 2.416248e+00
1.218400e+01 2.416427e+00
1.218000e+01 2.416604e+00
1.217800e+01 2.416779e+00
1.217600e+01 2.416951e+00
1.217200e+01 2.417120e+00
1.217200e+01 2.417288e+00
1.216700e+01 2.417452e+00
1.216400e+01 2.417615e+00
1.216500e+01 2.417775e+00
1.216000e+01 2.417933e+00
1.215700e+01 2.418088e+00
1.215500e+01 2.418241e+00
1.215100e+01 2.418392e+00
1.215200e+01 2.418541e+00
1.214900e+01 2.418687e+00
1.214500e+01 2.418831e+00
1.214100e+01 2.418973e+00
1.213800e+01 2.419113e+00
1.213500e+01 2.419250e+00
1.213300e+01 2.419385e+00
1.213800e+01 2.419518e+00
1.212800e+01 2.419649e+00
1.213000e+01 2.419778e+00
1.212300e+01 2.419905e+00
1.212000e+01 2.420029e+00
1.211700e+01 2.420152e+00
1.211500e+01 2.420272e+00
1.211200e+01 2.420391e+00
1.211000e+01 2.420507e+00
1.210700e+01 2.420622e+00
1.210500e+01 2.420734e+00
1.210200e+01 2.420844e+00
1.210000e+01 2.420953e+00
1.209700e+01 2.421059e+00
1.209500e+01 2.421164e+00
1.209200e+01 2.421266e+00
1.208900e+01 2.421367e+00
1.208700e+01 2.421465e+00
1.208400e+01 2.421562e+00
1.208200e+01 2.421657e+00
1.207900e+01 2.421750e+00
1.207700e+01 2.421841e+00
1.207400e+01 2.421931e+00
1.207200e+01 2.422018e+00
1.206900e+01 2.422104e+00
1.206700e+01 2.422188e+00
1.206500e+01 2.422270e+00
1.206200e+01 2.422350e+00
1.206000e+01 2.422429e+00
1.205700e+01 2.422505e+00
1.205500e+01 2.422580e+00
1.205200e+01 2.422654e+00
1.205000e+01 2.422725e+00
1.204700e+01 2.422795e+00
1.204500e+01 2.422863e+00
1.204300e+01 2.422930e+00
1.204000e+01 2.422995e+00
1.203800e+01 2.423058e+00
1.203500e+01 2.423119e+00
1.203400e+01 2.423179e+00
1.203000e+01 2.423238e+00
1.202800e+01 2.423294e+00
1.202600e+01 2.423349e+00
1.202300e+01 2.423403e+00
1.202100e+01 2.423455e+00
1.201900e+01 2.423505e+00
1.201700e+01 2.423554e+00
1.201300e+01 2.423601e+00
1.201100e+01 2.423647e+00
1.201100e+01 2.423691e+00
1.200600e+01 2.423733e+00
1.200500e+01 2.423775e+00
1.200400e+01 2.423814e+00
1.199900e+01 2.423852e+00
1.199800e+01 2.423889e+00
1.199400e+01 2.423924e+00
1.199300e+01 2.423958e+00
1.199200e+01 2.423990e+00
1.199000e+01 2.424021e+00
1.198700e+01 2.424051e+00
1.198300e+01 2.424079e+00
1.198100e+01 2.424105e+00
1.197900e+01 2.424131e+00
1.197700e+01 2.424154e+00
1.197500e+01 2.424177e+00
1.197100e+01 2.424198e+00
1.197400e+01 2.424218e+00
1.197200e+01 2.424237e+00
1.196400e+01 2.424254e+00
1.196500e+01 2.424270e+00
1.196100e+01 2.424284e+00
1.196100e+01 2.424298e+00
1.195900e+01 2.424310e+00
1.195300e+01 2.424321e+00
1.195500e+01 2.424330e+00
1.195800e+01 2.424339e+00
1.196100e+01 2.424346e+00
1.195600e+01 2.424351e+00
1.194100e+01 2.424356e+00
1.193900e+01 2.424359e+00
1.193600e+01 2.424361e+00
1.193400e+01 2.424362e+00
