# R [km]   M [M_sun]
1.370117e+01 7.383341e-01
1.363906e+01 8.146090e-01
1.358777e+01 8.878766e-01
1.354894e+01 9.581321e-01
1.351463e+01 1.024908e+00
1.348089e+01 1.089445e+00
1.344878e+01 1.151051e+00
1.341761e+01 1.209950e+00
1.338631e+01 1.266084e+00
1.335349e+01 1.319605e+00
1.332079e+01 1.370482e+00
1.328658e+01 1.418787e+00
1.325199e+01 1.464851e+00
1.321669e+01 1.508649e+00
1.318032e+01 1.550302e+00
1.314340e+01 1.589786e+00
1.310531e+01 1.627525e+00
1.306676e+01 1.663279e+00
1.302738e+01 1.697288e+00
1.298739e+01 1.729631e+00
1.294713e+01 1.760330e+00
1.290663e+01 1.789354e+00
1.286531e+01 1.817050e+00
1.282377e+01 1.843356e+00
1.278182e+01 1.868243e+00
1.274003e+01 1.891830e+00
1.269781e+01 1.914174e+00
1.265535e+01 1.935332e+00
1.261293e+01 1.955473e+00
1.257027e+01 1.974536e+00
1.252772e+01 1.992613e+00
1.248495e+01 2.009633e+00
1.244238e+01 2.025723e+00
1.239984e+01 2.040994e+00
1.235726e+01 2.055413e+00
1.231470e+01 2.068909e+00
1.227238e+01 2.081774e+00
1.223025e+01 2.093873e+00
1.218801e+01 2.105201e+00
1.214592e+01 2.115902e+00
1.210424e+01 2.125998e+00
1.206270e+01 2.135465e+00
1.202120e+01 2.144315e+00
1.197990e+01 2.152507e+00
1.193879e+01 2.160249e+00
1.189807e+01 2.167521e+00
1.185746e+01 2.174270e+00
1.181705e+01 2.180518e+00
1.177696e+01 2.186369e+00
1.173701e+01 2.191769e+00
1.169740e+01 2.196734e+00
1.165803e+01 2.201275e+00
1.161887e+01 2.205422e+00
1.158003e+01 2.209222e+00
1.154137e+01 2.212666e+00
1.150293e+01 2.215761e+00
1.146491e+01 2.218553e+00
1.142718e+01 2.221035e+00
1.138963e+01 2.223236e+00
1.135232e+01 2.225174e+00
1.131533e+01 2.226850e+00
1.127858e+01 2.228227e+00
1.124222e+01 2.229365e+00
1.120603e+01 2.230222e+00
1.117018e+01 2.230853e+00
1.113461e+01 2.231266e+00
1.109924e+01 2.231459e+00
1.106426e+01 2.231525e+00
1.102947e+01 2.231330e+00
1.099498e+01 2.230968e+00
