# R [km]   M [M_sun]
1.183834e+01 7.410097e-01
1.191088e+01 8.164462e-01
1.197390e+01 8.886208e-01
1.202672e+01 9.574851e-01
1.206978e+01 1.024374e+00
1.210627e+01 1.087267e+00
1.213516e+01 1.147325e+00
1.215749e+01 1.204622e+00
1.217367e+01 1.258881e+00
1.218511e+01 1.310694e+00
1.219093e+01 1.359786e+00
1.219342e+01 1.406667e+00
1.219186e+01 1.451068e+00
1.218703e+01 1.493415e+00
1.217876e+01 1.533541e+00
1.216782e+01 1.571787e+00
1.215405e+01 1.608025e+00
1.213891e+01 1.642529e+00
1.212061e+01 1.675256e+00
1.210116e+01 1.706308e+00
1.207992e+01 1.735788e+00
1.205730e+01 1.763736e+00
1.203331e+01 1.790381e+00
1.200792e+01 1.815647e+00
1.198157e+01 1.839548e+00
1.195430e+01 1.862201e+00
1.192607e+01 1.883747e+00
1.189719e+01 1.904085e+00
1.186736e+01 1.923391e+00
1.183717e+01 1.941657e+00
1.180632e+01 1.959004e+00
1.177491e+01 1.975371e+00
1.174317e+01 1.990842e+00
1.171105e+01 2.005432e+00
1.167856e+01 2.019245e+00
1.164576e+01 2.032304e+00
1.161272e+01 2.044636e+00
1.157950e+01 2.056188e+00
1.154609e+01 2.067090e+00
1.151260e+01 2.077365e+00
1.147895e+01 2.087018e+00
1.144505e+01 2.096085e+00
1.141125e+01 2.104619e+00
1.137742e+01 2.112574e+00
1.134355e+01 2.119964e+00
1.130969e+01 2.126883e+00
1.127575e+01 2.133326e+00
1.124196e+01 2.139349e+00
1.120815e+01 2.144921e+00
1.117448e+01 2.150092e+00
1.114077e+01 2.154821e+00
1.110716e+01 2.159190e+00
1.107373e+01 2.163189e+00
1.104038e+01 2.166829e+00
1.100712e+01 2.170142e+00
1.097399e+01 2.173127e+00
1.094099e+01 2.175823e+00
1.090814e+01 2.178206e+00
1.087544e+01 2.180303e+00
1.084284e+01 2.182088e+00
1.081051e+01 2.183660e+00
1.077829e+01 2.184960e+00
1.074620e+01 2.186015e+00
1.071433e+01 2.186853e+00
1.068259e+01 2.187445e+00
1.065100e+01 2.187788e+00
1.061966e+01 2.188009e+00
1.058850e+01 2.187998e+00
