# R [km]   M [M_sun]
2.057443e+01 1.358541e-01
1.531649e+01 2.231593e-01
1.404887e+01 3.115361e-01
1.354335e+01 3.994764e-01
1.330996e+01 4.856155e-01
1.318505e+01 5.701805e-01
1.312214e+01 6.517463e-01
1.308463e+01 7.306352e-01
1.306119e+01 8.066671e-01
1.304564e+01 8.794883e-01
1.303370e+01 9.492452e-01
1.302187e+01 1.015953e+00
1.300878e+01 1.079896e+00
1.299529e+01 1.140863e+00
1.298034e+01 1.198820e+00
1.296361e+01 1.254165e+00
1.294476e+01 1.306866e+00
1.292341e+01 1.357023e+00
1.290019e+01 1.404925e+00
1.287560e+01 1.450384e+00
1.284907e+01 1.493804e+00
1.282202e+01 1.534757e+00
1.279232e+01 1.573805e+00
1.276218e+01 1.609952e+00
1.273114e+01 1.644287e+00
1.269744e+01 1.680049e+00
1.266410e+01 1.711830e+00
1.262966e+01 1.742154e+00
1.259421e+01 1.770941e+00
1.255831e+01 1.798170e+00
1.252198e+01 1.824111e+00
1.248498e+01 1.848615e+00
1.244743e+01 1.871888e+00
1.240969e+01 1.894048e+00
1.237144e+01 1.914989e+00
1.233296e+01 1.934775e+00
1.229418e+01 1.953682e+00
1.225537e+01 1.971450e+00
1.221627e+01 1.988244e+00
1.217706e+01 2.004155e+00
1.213780e+01 2.019272e+00
1.209853e+01 2.033384e+00
1.205912e+01 2.046852e+00
1.201965e+01 2.059533e+00
1.198040e+01 2.071479e+00
1.194111e+01 2.082701e+00
1.190188e+01 2.093201e+00
1.186275e+01 2.103206e+00
1.182357e+01 2.112538e+00
1.178469e+01 2.121342e+00
1.174598e+01 2.129550e+00
1.170723e+01 2.137210e+00
1.166859e+01 2.144388e+00
1.163036e+01 2.151086e+00
1.159215e+01 2.157302e+00
1.155409e+01 2.163085e+00
1.151631e+01 2.168382e+00
1.147869e+01 2.173291e+00
1.144116e+01 2.177821e+00
1.140403e+01 2.182005e+00
1.136704e+01 2.185798e+00
1.133016e+01 2.189207e+00
1.129362e+01 2.192303e+00
1.125734e+01 2.195111e+00
1.122118e+01 2.197634e+00
1.118531e+01 2.199841e+00
1.114970e+01 2.201741e+00
1.111430e+01 2.203363e+00
1.107920e+01 2.204755e+00
1.104423e+01 2.205875e+00
1.100955e+01 2.206786e+00
1.097518e+01 2.207483e+00
1.094098e+01 2.207963e+00
1.090703e+01 2.208224e+00
1.087338e+01 2.208288e+00
1.083990e+01 2.208140e+00
1.080680e+01 2.207817e+00
