# R [km]   M [M_sun]
1.258662e+01 7.312877e-01
1.259146e+01 8.045942e-01
1.259534e+01 8.744103e-01
1.259694e+01 9.412171e-01
1.259512e+01 1.005050e+00
1.259070e+01 1.065635e+00
1.258314e+01 1.123305e+00
1.257135e+01 1.178471e+00
1.255716e+01 1.230853e+00
1.254010e+01 1.280506e+00
1.252000e+01 1.327840e+00
1.249805e+01 1.372853e+00
1.247348e+01 1.415683e+00
1.244730e+01 1.456205e+00
1.241901e+01 1.494737e+00
1.238911e+01 1.531487e+00
1.235814e+01 1.566117e+00
1.232572e+01 1.599160e+00
1.229204e+01 1.630490e+00
1.225754e+01 1.660177e+00
1.222210e+01 1.688398e+00
1.218608e+01 1.714829e+00
1.214898e+01 1.740166e+00
1.211160e+01 1.764173e+00
1.207363e+01 1.786857e+00
1.203524e+01 1.808336e+00
1.199617e+01 1.828806e+00
1.195706e+01 1.848133e+00
1.191773e+01 1.866302e+00
1.187819e+01 1.883610e+00
1.183849e+01 1.899860e+00
1.179837e+01 1.915334e+00
1.175832e+01 1.929882e+00
1.171813e+01 1.943542e+00
1.167820e+01 1.956458e+00
1.163803e+01 1.968580e+00
1.159800e+01 1.980092e+00
1.155801e+01 1.990853e+00
1.151803e+01 2.000932e+00
1.147817e+01 2.010457e+00
1.143842e+01 2.019359e+00
1.139881e+01 2.027678e+00
1.135935e+01 2.035430e+00
1.131993e+01 2.042708e+00
1.128075e+01 2.049493e+00
1.124185e+01 2.055780e+00
1.120307e+01 2.061539e+00
1.116453e+01 2.066942e+00
1.112614e+01 2.071924e+00
1.108800e+01 2.076537e+00
1.105001e+01 2.080699e+00
1.101232e+01 2.084511e+00
1.097486e+01 2.088027e+00
1.093750e+01 2.091103e+00
1.090050e+01 2.093920e+00
1.086378e+01 2.096425e+00
1.082728e+01 2.098616e+00
1.079098e+01 2.100493e+00
1.075502e+01 2.102156e+00
1.071931e+01 2.103576e+00
1.068379e+01 2.104712e+00
1.064862e+01 2.105673e+00
1.061352e+01 2.106295e+00
1.057891e+01 2.106778e+00
1.054446e+01 2.106999e+00
1.051026e+01 2.107030e+00
1.047639e+01 2.106881e+00
1.044278e+01 2.106534e+00
1.040943e+01 2.106031e+00
